G04 -- output software:jlccam pro v3.4.6 *
G04 -- dbname:*
G04 -- stepname:set*
G04 -- layer:ts*
*
G04 -- format*
%FSLAX26Y26*%
%MOIN*%
*
G04 -- apertures*
G04 A1ts - set.0.from.i274x.RoundRect.d11+inc0.6x0x00*
%AMA1TS*
4,1,37,
0.056228,-0.024408,
0.058082,-0.024224,
0.059986,-0.023647,
0.061740,-0.022709,
0.063279,-0.021447,
0.064541,-0.019908,
0.065479,-0.018154,
0.066056,-0.016250,
0.066251,-0.014272,
0.066251,0.014287,
0.066056,0.016252,
0.065479,0.018156,
0.064541,0.019910,
0.063279,0.021449,
0.061740,0.022711,
0.059986,0.023649,
0.058082,0.024226,
0.056103,0.024421,
-0.056115,0.024421,
-0.058080,0.024226,
-0.059984,0.023649,
-0.061738,0.022711,
-0.063277,0.021449,
-0.064539,0.019910,
-0.065477,0.018156,
-0.066054,0.016252,
-0.066251,0.014384,
-0.066250,-0.014387,
-0.066054,-0.016250,
-0.065477,-0.018154,
-0.064539,-0.019908,
-0.063277,-0.021447,
-0.061738,-0.022709,
-0.059984,-0.023647,
-0.058080,-0.024224,
-0.056215,-0.024421,
0.056215,-0.024421,
0.056228,-0.024408,
0.000*
%
%ADD10A1TS*%
G04 A2ts - set.0.from.i274x.RoundRect.d26+inc0.6x0x00*
%AMA2TS*
4,1,37,
0.008983,-0.018994,
0.010646,-0.018829,
0.012365,-0.018308,
0.013950,-0.017461,
0.015338,-0.016321,
0.016478,-0.014933,
0.017325,-0.013348,
0.017846,-0.011629,
0.018022,-0.009843,
0.018022,0.009856,
0.017846,0.011629,
0.017325,0.013348,
0.016478,0.014933,
0.015338,0.016321,
0.013950,0.017461,
0.012365,0.018308,
0.010646,0.018829,
0.008873,0.019005,
-0.008856,0.019006,
-0.010644,0.018829,
-0.012363,0.018308,
-0.013948,0.017461,
-0.015336,0.016321,
-0.016476,0.014933,
-0.017323,0.013348,
-0.017844,0.011629,
-0.018022,0.009953,
-0.018021,-0.009959,
-0.017844,-0.011629,
-0.017323,-0.013348,
-0.016476,-0.014933,
-0.015336,-0.016321,
-0.013948,-0.017461,
-0.012363,-0.018308,
-0.010644,-0.018829,
-0.008971,-0.019006,
0.008971,-0.019006,
0.008983,-0.018994,
0.000*
%
%ADD11A2TS*%
G04 A3ts - set.0.from.i274x.RoundRect.d14+inc0.6x0x00*
%AMA3TS*
4,1,37,
0.007999,-0.018994,
0.009470,-0.018849,
0.011005,-0.018384,
0.012419,-0.017626,
0.013658,-0.016609,
0.014675,-0.015370,
0.015432,-0.013957,
0.015897,-0.012422,
0.016054,-0.010828,
0.016054,0.010840,
0.015897,0.012422,
0.015432,0.013957,
0.014675,0.015370,
0.013658,0.016609,
0.012419,0.017626,
0.011005,0.018384,
0.009470,0.018849,
0.007889,0.019005,
-0.007871,0.019006,
-0.009468,0.018849,
-0.011003,0.018384,
-0.012417,0.017626,
-0.013656,0.016609,
-0.014673,0.015370,
-0.015430,0.013957,
-0.015895,0.012422,
-0.016054,0.010937,
-0.016053,-0.010942,
-0.015895,-0.012422,
-0.015430,-0.013957,
-0.014673,-0.015370,
-0.013656,-0.016609,
-0.012417,-0.017626,
-0.011003,-0.018384,
-0.009468,-0.018849,
-0.007987,-0.019006,
0.007987,-0.019006,
0.007999,-0.018994,
0.000*
%
%ADD12A3TS*%
G04 A4ts - set.0.from.i274x.FreePoly0.d15+inc0.7x0x00*
%AMA4TS*
4,1,24,
0.000140,-0.029851,
0.000281,-0.029684,
0.002614,-0.029684,
0.007661,-0.028331,
0.012184,-0.025719,
0.015878,-0.022026,
0.018489,-0.017499,
0.019841,-0.012457,
0.019841,-0.010148,
0.020011,-0.009947,
0.020009,0.009982,
0.019841,0.010124,
0.019841,0.012457,
0.018489,0.017501,
0.015875,0.022029,
0.012183,0.025719,
0.007657,0.028332,
0.002614,0.029684,
0.000305,0.029684,
0.000105,0.029853,
-0.019825,0.029851,
-0.020011,0.029632,
-0.020009,-0.029667,
-0.019790,-0.029853,
0.000140,-0.029851,
0.000*
%
%ADD13A4TS*%
G04 A5ts - set.0.from.i274x.FreePoly1.d16+inc0.7x0x00*
%AMA5TS*
4,1,24,
0.020011,-0.029648,
0.020009,0.029666,
0.019790,0.029852,
-0.000140,0.029850,
-0.000281,0.029683,
-0.002614,0.029683,
-0.007661,0.028330,
-0.012184,0.025718,
-0.015878,0.022025,
-0.018490,0.017496,
-0.019841,0.012456,
-0.019841,0.010148,
-0.020011,0.009946,
-0.020009,-0.009983,
-0.019841,-0.010124,
-0.019841,-0.012457,
-0.018489,-0.017501,
-0.015875,-0.022030,
-0.012183,-0.025719,
-0.007657,-0.028333,
-0.002614,-0.029684,
-0.000305,-0.029684,
-0.000105,-0.029852,
0.019806,-0.029852,
0.020011,-0.029648,
0.000*
%
%ADD14A5TS*%
G04 A6ts - set.0.from.i274x.RoundRect.d17+inc0.6x0x00*
%AMA6TS*
4,1,37,
0.010951,-0.016042,
0.012422,-0.015896,
0.013957,-0.015431,
0.015370,-0.014674,
0.016611,-0.013657,
0.017628,-0.012417,
0.018384,-0.011003,
0.018849,-0.009468,
0.019006,-0.007887,
0.019008,0.007874,
0.018849,0.009470,
0.018384,0.011005,
0.017628,0.012419,
0.016611,0.013659,
0.015370,0.014676,
0.013957,0.015433,
0.012422,0.015898,
0.010840,0.016055,
-0.010840,0.016055,
-0.012422,0.015898,
-0.013957,0.015433,
-0.015370,0.014676,
-0.016611,0.013659,
-0.017628,0.012419,
-0.018384,0.011005,
-0.018849,0.009470,
-0.019008,0.007953,
-0.019006,-0.007887,
-0.018849,-0.009468,
-0.018384,-0.011003,
-0.017628,-0.012417,
-0.016611,-0.013657,
-0.015370,-0.014674,
-0.013957,-0.015431,
-0.012422,-0.015896,
-0.010939,-0.016055,
0.010937,-0.016055,
0.010951,-0.016042,
0.000*
%
%ADD15A6TS*%
%ADD16O,0.067520X0.079331*%
G04 A7ts - set.0.from.i274x.RoundRect.d19+inc0.6x0x00*
%AMA7TS*
4,1,37,
0.023742,-0.039653,
0.025600,-0.039469,
0.027502,-0.038892,
0.029254,-0.037956,
0.030791,-0.036695,
0.032052,-0.035158,
0.032988,-0.033406,
0.033565,-0.031504,
0.033759,-0.029527,
0.033759,0.029543,
0.033565,0.031506,
0.032988,0.033408,
0.032052,0.035160,
0.030791,0.036697,
0.029254,0.037958,
0.027502,0.038894,
0.025600,0.039471,
0.023622,0.039665,
-0.023635,0.039665,
-0.025598,0.039471,
-0.027500,0.038894,
-0.029252,0.037958,
-0.030789,0.036697,
-0.032050,0.035160,
-0.032986,0.033408,
-0.033563,0.031506,
-0.033759,0.029635,
-0.033758,-0.029638,
-0.033563,-0.031504,
-0.032986,-0.033406,
-0.032050,-0.035158,
-0.030789,-0.036695,
-0.029252,-0.037956,
-0.027500,-0.038892,
-0.025598,-0.039469,
-0.023730,-0.039665,
0.023730,-0.039665,
0.023742,-0.039653,
0.000*
%
%ADD17A7TS*%
G04 A8ts - set.0.from.i274x.RoundRect.d20+inc-7.4x0x00*
%AMA8TS*
4,1,8,
0.008675,-0.023983,
0.009745,-0.024073,
0.009745,0.024116,
-0.009702,0.024114,
-0.009745,-0.022917,
-0.009546,-0.023116,
-0.009664,-0.024053,
0.008542,-0.024116,
0.008675,-0.023983,
0.000*
%
%ADD18A8TS*%
G04 A9ts - set.0.from.i274x.RoundRect.d22+inc0.6x0x00*
%AMA9TS*
4,1,37,
0.009966,-0.018010,
0.011629,-0.017845,
0.013348,-0.017324,
0.014933,-0.016477,
0.016323,-0.015337,
0.017462,-0.013948,
0.018309,-0.012363,
0.018831,-0.010644,
0.019006,-0.008871,
0.019008,0.008858,
0.018831,0.010646,
0.018309,0.012365,
0.017462,0.013950,
0.016323,0.015339,
0.014933,0.016479,
0.013348,0.017326,
0.011629,0.017847,
0.009856,0.018023,
-0.009856,0.018023,
-0.011629,0.017847,
-0.013348,0.017326,
-0.014933,0.016479,
-0.016323,0.015339,
-0.017462,0.013950,
-0.018309,0.012365,
-0.018831,0.010646,
-0.019008,0.008937,
-0.019006,-0.008871,
-0.018831,-0.010644,
-0.018309,-0.012363,
-0.017462,-0.013948,
-0.016323,-0.015337,
-0.014933,-0.016477,
-0.013348,-0.017324,
-0.011629,-0.017845,
-0.009955,-0.018023,
0.009953,-0.018023,
0.009966,-0.018010,
0.000*
%
%ADD19A9TS*%
G04 A10ts - set.0.from.i274x.RoundRect.d23+inc0.6x0x00*
%AMA10TS*
4,1,37,
0.018826,-0.019979,
0.020681,-0.019795,
0.022585,-0.019218,
0.024339,-0.018280,
0.025878,-0.017018,
0.027140,-0.015479,
0.028078,-0.013725,
0.028655,-0.011821,
0.028850,-0.009843,
0.028850,0.009858,
0.028655,0.011823,
0.028078,0.013727,
0.027140,0.015481,
0.025878,0.017020,
0.024339,0.018282,
0.022585,0.019220,
0.020681,0.019797,
0.018716,0.019992,
-0.018714,0.019992,
-0.020679,0.019797,
-0.022583,0.019220,
-0.024337,0.018282,
-0.025876,0.017020,
-0.027138,0.015481,
-0.028076,0.013727,
-0.028653,0.011823,
-0.028850,0.009955,
-0.028849,-0.009958,
-0.028653,-0.011821,
-0.028076,-0.013725,
-0.027138,-0.015479,
-0.025876,-0.017018,
-0.024337,-0.018280,
-0.022583,-0.019218,
-0.020679,-0.019795,
-0.018813,-0.019992,
0.018813,-0.019992,
0.018826,-0.019979,
0.000*
%
%ADD20A10TS*%
%ADD21C,0.059644*%
G04 A11ts - set.0.from.i274x.RoundRect.d25+inc0.6x0x00*
%AMA11TS*
4,1,37,
0.008737,-0.018994,
0.010352,-0.018835,
0.012025,-0.018328,
0.013567,-0.017503,
0.014918,-0.016393,
0.016028,-0.015042,
0.016852,-0.013500,
0.017360,-0.011827,
0.017530,-0.010089,
0.017530,0.010103,
0.017359,0.011827,
0.016852,0.013500,
0.016028,0.015042,
0.014918,0.016393,
0.013567,0.017503,
0.012025,0.018328,
0.010352,0.018835,
0.008627,0.019005,
-0.008610,0.019006,
-0.010350,0.018835,
-0.012023,0.018328,
-0.013565,0.017503,
-0.014916,0.016393,
-0.016026,0.015042,
-0.016850,0.013500,
-0.017357,0.011827,
-0.017530,0.010200,
-0.017529,-0.010205,
-0.017357,-0.011827,
-0.016850,-0.013500,
-0.016026,-0.015042,
-0.014916,-0.016393,
-0.013565,-0.017503,
-0.012023,-0.018328,
-0.010350,-0.018835,
-0.008725,-0.019006,
0.008725,-0.019006,
0.008737,-0.018994,
0.000*
%
%ADD22A11TS*%
G04 A12ts - set.0.from.i274x.RoundRect.d27+inc-7.2x0x00*
%AMA12TS*
4,1,18,
0.019314,-0.027858,
0.020751,-0.027971,
0.021091,-0.027559,
0.020956,-0.026217,
0.021109,-0.026064,
0.021017,0.027797,
0.020481,0.027998,
-0.020905,0.027907,
-0.021086,0.027581,
-0.020963,0.026473,
-0.021109,0.026291,
-0.021108,-0.025634,
-0.020822,-0.025825,
-0.021081,-0.027639,
-0.020689,-0.027977,
-0.019345,-0.027827,
-0.019174,-0.027998,
0.019174,-0.027998,
0.019314,-0.027858,
0.000*
%
%ADD23A12TS*%
G04 A13ts - set.0.from.i274x.RoundRect.d29+inc0.6x0x00*
%AMA13TS*
4,1,37,
0.009968,-0.028837,
0.011823,-0.028653,
0.013727,-0.028076,
0.015481,-0.027138,
0.017020,-0.025876,
0.018282,-0.024337,
0.019220,-0.022583,
0.019797,-0.020679,
0.019992,-0.018701,
0.019992,0.018716,
0.019797,0.020681,
0.019220,0.022585,
0.018282,0.024339,
0.017020,0.025878,
0.015481,0.027140,
0.013727,0.028078,
0.011823,0.028655,
0.009858,0.028850,
-0.009856,0.028850,
-0.011821,0.028655,
-0.013725,0.028078,
-0.015479,0.027140,
-0.017018,0.025878,
-0.018280,0.024339,
-0.019218,0.022585,
-0.019795,0.020681,
-0.019992,0.018813,
-0.019991,-0.018816,
-0.019795,-0.020679,
-0.019218,-0.022583,
-0.018280,-0.024337,
-0.017018,-0.025876,
-0.015479,-0.027138,
-0.013725,-0.028076,
-0.011821,-0.028653,
-0.009955,-0.028850,
0.009955,-0.028850,
0.009968,-0.028837,
0.000*
%
%ADD24A13TS*%
%ADD25C,0.047834*%
G04 A14ts - set.0.from.i274x.RoundRect.d32+inc0.6x0x00*
%AMA14TS*
4,1,37,
0.039496,-0.035727,
0.041350,-0.035543,
0.043254,-0.034966,
0.045008,-0.034028,
0.046547,-0.032766,
0.047809,-0.031227,
0.048747,-0.029473,
0.049324,-0.027569,
0.049519,-0.025591,
0.049519,0.025606,
0.049324,0.027571,
0.048747,0.029475,
0.047809,0.031229,
0.046547,0.032768,
0.045008,0.034030,
0.043254,0.034968,
0.041350,0.035545,
0.039371,0.035740,
-0.039383,0.035740,
-0.041348,0.035545,
-0.043252,0.034968,
-0.045006,0.034030,
-0.046545,0.032768,
-0.047807,0.031229,
-0.048745,0.029475,
-0.049322,0.027571,
-0.049519,0.025703,
-0.049518,-0.025706,
-0.049322,-0.027569,
-0.048745,-0.029473,
-0.047807,-0.031227,
-0.046545,-0.032766,
-0.045006,-0.034028,
-0.043252,-0.034966,
-0.041348,-0.035543,
-0.039483,-0.035740,
0.039483,-0.035740,
0.039496,-0.035727,
0.000*
%
%ADD26A14TS*%
%ADD27R,0.053740X0.024213*%
G04 A15ts - set.0.from.i274x.RoundRect.d34+inc0.6x0x00*
%AMA15TS*
4,1,37,
0.012432,-0.034746,
0.014284,-0.034563,
0.016189,-0.033985,
0.017944,-0.033047,
0.019483,-0.031784,
0.020746,-0.030245,
0.021684,-0.028490,
0.022262,-0.026585,
0.022457,-0.024607,
0.022457,0.024621,
0.022262,0.026587,
0.021684,0.028492,
0.020746,0.030247,
0.019483,0.031786,
0.017944,0.033049,
0.016189,0.033987,
0.014284,0.034565,
0.012304,0.034760,
-0.012316,0.034760,
-0.014282,0.034565,
-0.016187,0.033987,
-0.017942,0.033049,
-0.019481,0.031786,
-0.020744,0.030247,
-0.021682,0.028492,
-0.022260,0.026587,
-0.022457,0.024721,
-0.022456,-0.024788,
-0.022260,-0.026585,
-0.021682,-0.028490,
-0.020744,-0.030245,
-0.019481,-0.031784,
-0.017942,-0.033047,
-0.016187,-0.033985,
-0.014282,-0.034563,
-0.012418,-0.034760,
0.012418,-0.034760,
0.012432,-0.034746,
0.000*
%
%ADD28A15TS*%
G04 A16ts - set.0.from.i274x.RoundRect.d35+inc0.6x0x00*
%AMA16TS*
4,1,37,
0.024734,-0.022443,
0.026587,-0.022260,
0.028492,-0.021682,
0.030247,-0.020744,
0.031786,-0.019481,
0.033049,-0.017942,
0.033987,-0.016187,
0.034565,-0.014282,
0.034760,-0.012304,
0.034760,0.012318,
0.034565,0.014284,
0.033987,0.016189,
0.033049,0.017944,
0.031786,0.019483,
0.030247,0.020746,
0.028492,0.021684,
0.026587,0.022262,
0.024607,0.022457,
-0.024619,0.022457,
-0.026585,0.022262,
-0.028490,0.021684,
-0.030245,0.020746,
-0.031784,0.019483,
-0.033047,0.017944,
-0.033985,0.016189,
-0.034563,0.014284,
-0.034760,0.012418,
-0.034759,-0.012485,
-0.034563,-0.014282,
-0.033985,-0.016187,
-0.033047,-0.017942,
-0.031784,-0.019481,
-0.030245,-0.020744,
-0.028490,-0.021682,
-0.026585,-0.022260,
-0.024721,-0.022457,
0.024721,-0.022457,
0.024734,-0.022443,
0.000*
%
%ADD29A16TS*%
%ADD30R,0.032087X0.016339*%
%ADD31R,0.016339X0.032087*%
G04 A17ts - set.0.from.i274x.FreePoly2.d39+inc0.7x0x00*
%AMA17TS*
4,1,8,
0.028869,-0.028665,
0.028867,0.028683,
0.028648,0.028869,
-0.005055,0.028867,
-0.028869,0.005052,
-0.028867,-0.028684,
-0.028648,-0.028869,
0.028664,-0.028869,
0.028869,-0.028665,
0.000*
%
%ADD32A17TS*%
%ADD33R,0.057677X0.057677*%
%ADD34R,0.057677X0.057677*%
%ADD35R,0.028150X0.028150*%
%ADD36R,0.028150X0.028150*%
G04 A18ts - set.0.from.i274x.RoundRect.d42+inc-7.4x0x00*
%AMA18TS*
4,1,8,
0.023046,-0.009612,
0.024115,-0.009702,
0.024113,0.009746,
-0.024067,0.009746,
-0.024115,-0.009690,
-0.023074,-0.009586,
-0.022914,-0.009746,
0.022911,-0.009746,
0.023046,-0.009612,
0.000*
%
%ADD37A18TS*%
G04 A19ts - set.0.from.i274x.RoundRect.d43+inc-7.2x0x00*
%AMA19TS*
4,1,18,
0.012412,-0.027869,
0.013750,-0.027981,
0.014129,-0.027792,
0.014218,-0.027379,
0.014169,0.027720,
0.013941,0.027948,
0.013606,0.027997,
-0.014013,0.027908,
-0.014200,0.027544,
-0.014078,0.026204,
-0.014218,0.026064,
-0.014217,-0.025338,
-0.013929,-0.025482,
-0.014190,-0.027639,
-0.013860,-0.027969,
-0.012437,-0.027844,
-0.012284,-0.027997,
0.012284,-0.027997,
0.012412,-0.027869,
0.000*
%
%ADD38A19TS*%
G04 A20ts - set.0.from.i274x.RoundRect.d44+inc0.6x0x00*
%AMA20TS*
4,1,37,
0.020303,-0.012105,
0.021389,-0.011997,
0.022554,-0.011644,
0.023628,-0.011069,
0.024570,-0.010297,
0.025342,-0.009355,
0.025917,-0.008281,
0.026270,-0.007116,
0.026389,-0.005906,
0.026389,0.005921,
0.026270,0.007118,
0.025917,0.008283,
0.025342,0.009357,
0.024570,0.010299,
0.023628,0.011071,
0.022554,0.011646,
0.021389,0.011999,
0.020178,0.012118,
-0.020190,0.012118,
-0.021387,0.011999,
-0.022552,0.011646,
-0.023626,0.011071,
-0.024568,0.010299,
-0.025340,0.009357,
-0.025915,0.008283,
-0.026268,0.007118,
-0.026389,0.006018,
-0.026388,-0.006021,
-0.026268,-0.007116,
-0.025915,-0.008281,
-0.025340,-0.009355,
-0.024568,-0.010297,
-0.023626,-0.011069,
-0.022552,-0.011644,
-0.021387,-0.011997,
-0.020290,-0.012118,
0.020290,-0.012118,
0.020303,-0.012105,
0.000*
%
%ADD39A20TS*%
%ADD40C,0.035514*%
G04 A21ts - set.0.from.i274x.RoundRect.d46+inc-7.2x0x00*
%AMA21TS*
4,1,15,
0.021073,-0.012076,
0.022416,-0.012187,
0.022789,-0.012002,
0.022880,-0.011575,
0.022880,0.011683,
0.022679,0.012205,
-0.022677,0.012205,
-0.022862,0.011842,
-0.022740,0.010501,
-0.022880,0.010361,
-0.022879,-0.009544,
-0.022591,-0.009688,
-0.022856,-0.011809,
-0.022677,-0.012111,
0.020945,-0.012205,
0.021073,-0.012076,
0.000*
%
%ADD41A21TS*%
G04 A22ts - set.0.from.i274x.RoundRect.d47+inc-7.2x0x00*
%AMA22TS*
4,1,16,
0.021086,-0.006203,
0.022536,-0.006303,
0.022866,-0.005978,
0.022803,0.006154,
0.022536,0.006331,
-0.022661,0.006268,
-0.022849,0.005889,
-0.022737,0.004551,
-0.022866,0.004423,
-0.022864,-0.004400,
-0.022673,-0.004591,
-0.022842,-0.005936,
-0.022507,-0.006303,
-0.021084,-0.006178,
-0.020931,-0.006331,
0.020958,-0.006331,
0.021086,-0.006203,
0.000*
%
%ADD42A22TS*%
G04 A23ts - set.0.from.oval77.0467x41.6136x0x00*
%AMA23TS*
4,1,34,
-0.017716,-0.020806,
0.017716,-0.020806,
0.021775,-0.020406,
0.025678,-0.019222,
0.029275,-0.017300,
0.032428,-0.014712,
0.035016,-0.011559,
0.036938,-0.007962,
0.038122,-0.004059,
0.038522,0.000000,
0.038122,0.004059,
0.036938,0.007962,
0.035016,0.011559,
0.032428,0.014712,
0.029275,0.017300,
0.025678,0.019222,
0.021775,0.020406,
0.017716,0.020806,
-0.017716,0.020806,
-0.021775,0.020406,
-0.025678,0.019222,
-0.029275,0.017300,
-0.032428,0.014712,
-0.035016,0.011559,
-0.036938,0.007962,
-0.038122,0.004059,
-0.038522,0.000000,
-0.038122,-0.004059,
-0.036938,-0.007962,
-0.035016,-0.011559,
-0.032428,-0.014712,
-0.029275,-0.017300,
-0.025678,-0.019222,
-0.021775,-0.020406,
-0.017716,-0.020806,
0.000*
%
%ADD43A23TS*%
%ADD44R,0.024213X0.053740*%
%ADD45R,0.011811X0.059055*%
G04 A24ts - set.0.from.jlc.diy+14+inc-3.7x0x00*
%AMA24TS*
4,1,21,
-0.006224,-0.010927,
-0.005100,-0.011703,
-0.004067,-0.011910,
0.004064,-0.011910,
0.004806,-0.011794,
0.006070,-0.011112,
0.006979,-0.009823,
0.007186,-0.008792,
0.007186,0.008792,
0.006998,0.009777,
0.006048,0.011136,
0.005077,0.011711,
0.004067,0.011910,
-0.004068,0.011910,
-0.004806,0.011794,
-0.006074,0.011108,
-0.006733,0.010317,
-0.007184,0.008818,
-0.007186,-0.008788,
-0.006999,-0.009783,
-0.006407,-0.010782,
-0.006224,-0.010927,
0.000*
%
%ADD46A24TS*%
G04 A25ts - set.0.from.jlc.diy+15+inc-3.7x0x00*
%AMA25TS*
4,1,20,
0.009535,-0.007071,
0.010794,-0.006392,
0.011710,-0.005081,
0.011910,-0.004094,
0.011913,0.004068,
0.011798,0.004798,
0.011111,0.006074,
0.009821,0.006982,
0.008790,0.007189,
-0.008790,0.007189,
-0.009824,0.006981,
-0.011127,0.006062,
-0.011713,0.005083,
-0.011911,0.004093,
-0.011913,-0.004065,
-0.011797,-0.004804,
-0.011127,-0.006063,
-0.009825,-0.006982,
-0.008817,-0.007187,
0.008788,-0.007189,
0.009535,-0.007071,
0.000*
%
%ADD47A25TS*%
G04 A26ts - set.0.from.jlc.diy+16+inc-3.7x0x00*
%AMA26TS*
4,1,20,
0.009535,-0.007071,
0.010798,-0.006388,
0.011710,-0.005081,
0.011910,-0.004094,
0.011913,0.004068,
0.011798,0.004798,
0.011112,0.006073,
0.009804,0.006989,
0.008790,0.007189,
-0.008790,0.007189,
-0.009822,0.006982,
-0.010786,0.006404,
-0.011711,0.005080,
-0.011911,0.004093,
-0.011913,-0.004065,
-0.011797,-0.004804,
-0.011128,-0.006063,
-0.009823,-0.006982,
-0.008786,-0.007189,
0.008788,-0.007189,
0.009535,-0.007071,
0.000*
%
%ADD48A26TS*%
G04 A27ts - set.0.from.jlc.diy+17+inc-3.7x0x00*
%AMA27TS*
4,1,21,
0.004806,-0.011794,
0.006070,-0.011112,
0.006978,-0.009826,
0.007186,-0.008789,
0.007186,0.008790,
0.006998,0.009777,
0.006048,0.011136,
0.004807,0.011794,
0.004067,0.011910,
-0.004067,0.011910,
-0.005096,0.011704,
-0.005718,0.011376,
-0.006072,0.011110,
-0.006980,0.009822,
-0.007184,0.008822,
-0.007186,-0.008792,
-0.007000,-0.009777,
-0.006050,-0.011136,
-0.004821,-0.011791,
-0.004066,-0.011910,
0.004064,-0.011910,
0.004806,-0.011794,
0.000*
%
%ADD49A27TS*%
G04 A28ts - set.0.from.jlc.diy+18+inc-3.7x0x00*
%AMA28TS*
4,1,21,
0.004806,-0.011793,
0.006057,-0.011129,
0.006978,-0.009821,
0.007185,-0.008790,
0.007185,0.008789,
0.006998,0.009776,
0.006050,0.011134,
0.004807,0.011793,
0.004067,0.011909,
-0.004067,0.011909,
-0.005093,0.011703,
-0.005719,0.011374,
-0.006067,0.011113,
-0.006986,0.009803,
-0.007183,0.008821,
-0.007185,-0.008792,
-0.006997,-0.009782,
-0.006050,-0.011135,
-0.004819,-0.011790,
-0.004066,-0.011909,
0.004064,-0.011909,
0.004806,-0.011793,
0.000*
%
%ADD50A28TS*%
G04 A29ts - set.0.from.jlc.diy+19+inc-3.7x0x00*
%AMA29TS*
4,1,21,
0.004806,-0.011794,
0.006052,-0.011133,
0.006979,-0.009823,
0.007186,-0.008792,
0.007186,0.008792,
0.006998,0.009777,
0.006048,0.011136,
0.004802,0.011794,
0.004067,0.011910,
-0.004067,0.011910,
-0.005096,0.011704,
-0.005718,0.011376,
-0.006072,0.011110,
-0.006980,0.009822,
-0.007184,0.008822,
-0.007186,-0.008792,
-0.007000,-0.009777,
-0.006050,-0.011136,
-0.004821,-0.011791,
-0.004066,-0.011910,
0.004064,-0.011910,
0.004806,-0.011794,
0.000*
%
%ADD51A29TS*%
G04 A30ts - set.0.from.jlc.diy+21+inc-3.7x0x00*
%AMA30TS*
4,1,21,
0.004806,-0.011794,
0.006057,-0.011131,
0.006980,-0.009821,
0.007186,-0.008792,
0.007186,0.008791,
0.006999,0.009776,
0.006048,0.011136,
0.004807,0.011794,
0.004067,0.011910,
-0.004068,0.011910,
-0.005097,0.011704,
-0.005716,0.011377,
-0.006070,0.011111,
-0.006988,0.009803,
-0.007184,0.008817,
-0.007186,-0.008789,
-0.007000,-0.009780,
-0.006054,-0.011133,
-0.004822,-0.011791,
-0.004067,-0.011910,
0.004064,-0.011910,
0.004806,-0.011794,
0.000*
%
%ADD52A30TS*%
G04 A31ts - set.0.from.jlc.diy+22+inc-3.7x0x00*
%AMA31TS*
4,1,20,
0.009533,-0.007069,
0.010795,-0.006388,
0.011709,-0.005083,
0.011909,-0.004092,
0.011912,0.004064,
0.011795,0.004801,
0.011128,0.006059,
0.009820,0.006980,
0.008790,0.007187,
-0.008790,0.007187,
-0.009529,0.007070,
-0.010794,0.006390,
-0.011712,0.005077,
-0.011910,0.004091,
-0.011912,-0.004062,
-0.011794,-0.004810,
-0.011116,-0.006069,
-0.009824,-0.006980,
-0.008817,-0.007185,
0.008788,-0.007187,
0.009533,-0.007069,
0.000*
%
%ADD53A31TS*%
G04 A32ts - set.0.from.jlc.diy+23+inc-3.7x0x00*
%AMA32TS*
4,1,20,
0.009533,-0.007069,
0.010795,-0.006388,
0.011709,-0.005083,
0.011909,-0.004092,
0.011912,0.004064,
0.011795,0.004801,
0.011114,0.006069,
0.009806,0.006986,
0.008790,0.007187,
-0.008790,0.007187,
-0.009529,0.007070,
-0.010794,0.006390,
-0.011712,0.005076,
-0.011910,0.004091,
-0.011912,-0.004062,
-0.011794,-0.004810,
-0.011116,-0.006069,
-0.009822,-0.006981,
-0.008817,-0.007185,
0.008788,-0.007187,
0.009533,-0.007069,
0.000*
%
%ADD54A32TS*%
G04 A33ts - set.0.from.jlc.diy+24+inc-3.7x0x00*
%AMA33TS*
4,1,21,
0.009534,-0.007069,
0.010793,-0.006391,
0.011711,-0.005077,
0.011909,-0.004092,
0.011912,0.004064,
0.011795,0.004801,
0.011110,0.006072,
0.009806,0.006986,
0.008790,0.007187,
-0.008790,0.007187,
-0.009821,0.006980,
-0.010421,0.006670,
-0.010794,0.006391,
-0.011712,0.005076,
-0.011910,0.004091,
-0.011912,-0.004062,
-0.011794,-0.004810,
-0.011118,-0.006067,
-0.009822,-0.006981,
-0.008787,-0.007187,
0.008787,-0.007187,
0.009534,-0.007069,
0.000*
%
%ADD55A33TS*%
G04 A34ts - set.0.from.jlc.diy+25+inc-3.3x0x00*
%AMA34TS*
4,1,18,
0.027823,-0.018201,
0.029114,-0.017699,
0.029817,-0.016780,
0.030050,-0.015797,
0.030050,0.015794,
0.029726,0.016984,
0.028804,0.017907,
0.027603,0.018239,
-0.027604,0.018239,
-0.028815,0.017902,
-0.029322,0.017508,
-0.029990,0.016339,
-0.030050,0.015797,
-0.030050,-0.015800,
-0.029726,-0.016988,
-0.028816,-0.017904,
-0.027611,-0.018239,
0.027609,-0.018239,
0.027823,-0.018201,
0.000*
%
%ADD56A34TS*%
G04 A35ts - set.0.from.jlc.diy+26+inc-3.7x0x00*
%AMA35TS*
4,1,9,
0.004040,-0.010115,
0.004233,-0.009831,
0.004233,0.009832,
0.003922,0.010139,
-0.003923,0.010139,
-0.004233,0.009832,
-0.004233,-0.009832,
-0.003926,-0.010139,
0.003885,-0.010139,
0.004040,-0.010115,
0.000*
%
%ADD57A35TS*%
G04 A36ts - set.0.from.jlc.diy+27+inc-3.7x0x00*
%AMA36TS*
4,1,9,
0.004044,-0.010112,
0.004233,-0.009831,
0.004233,0.009833,
0.003922,0.010139,
-0.003923,0.010139,
-0.004233,0.009831,
-0.004233,-0.009832,
-0.003922,-0.010139,
0.003928,-0.010139,
0.004044,-0.010112,
0.000*
%
%ADD58A36TS*%
G04 A37ts - set.0.from.jlc.diy+30+inc-3.7x0x00*
%AMA37TS*
4,1,9,
0.004038,-0.010113,
0.004232,-0.009830,
0.004232,0.009828,
0.003922,0.010137,
-0.003924,0.010137,
-0.004232,0.009832,
-0.004232,-0.009830,
-0.003927,-0.010137,
0.003885,-0.010137,
0.004038,-0.010113,
0.000*
%
%ADD59A37TS*%
G04 A38ts - set.0.from.jlc.diy+31+inc-3.7x0x00*
%AMA38TS*
4,1,9,
0.004042,-0.010110,
0.004232,-0.009830,
0.004232,0.009792,
0.003922,0.010137,
-0.003924,0.010137,
-0.004232,0.009829,
-0.004232,-0.009830,
-0.003923,-0.010137,
0.003927,-0.010137,
0.004042,-0.010110,
0.000*
%
%ADD60A38TS*%
G04 A39ts - set.0.from.oval87.2608x41.9291x0x00*
%AMA39TS*
4,1,34,
-0.022665,-0.020964,
0.022665,-0.020964,
0.026755,-0.020561,
0.030688,-0.019368,
0.034312,-0.017431,
0.037489,-0.014824,
0.040096,-0.011647,
0.042033,-0.008023,
0.043226,-0.004090,
0.043629,0.000000,
0.043226,0.004090,
0.042033,0.008023,
0.040096,0.011647,
0.037489,0.014824,
0.034312,0.017431,
0.030688,0.019368,
0.026755,0.020561,
0.022665,0.020964,
-0.022665,0.020964,
-0.026755,0.020561,
-0.030688,0.019368,
-0.034312,0.017431,
-0.037489,0.014824,
-0.040096,0.011647,
-0.042033,0.008023,
-0.043226,0.004090,
-0.043629,0.000000,
-0.043226,-0.004090,
-0.042033,-0.008023,
-0.040096,-0.011647,
-0.037489,-0.014824,
-0.034312,-0.017431,
-0.030688,-0.019368,
-0.026755,-0.020561,
-0.022665,-0.020964,
0.000*
%
%ADD61A39TS*%
%ADD62C,0.005906*%
%ADD63C,0.035590*%
%ADD64C,0.092520*%
%ADD65C,0.078740*%
%ADD66C,0.007874*%
*
G75*
G90*
*
G54D10*
G04 DEPTH 2*
%LPD*%
D10*
X1683023Y1621013D03*
Y1387745D03*
D11*
X1848378Y1633808D03*
X1909401D03*
D12*
X1844441Y1555068D03*
X1909401D03*
X1844441Y1889714D03*
X1909401D03*
D13*
X1850346Y1456643D03*
D14*
X1799165D03*
D15*
X1535385Y1738139D03*
Y1673178D03*
D16*
X669244Y637155D03*
D17*
X767669D03*
D11*
X901527Y2145619D03*
X962551D03*
D18*
X1385778Y944832D03*
X1411369D03*
X1436959D03*
X1462550D03*
Y1043651D03*
X1436959D03*
X1411369D03*
X1385778D03*
D15*
X1318849Y1673178D03*
Y1738139D03*
X738141Y1598375D03*
Y1533415D03*
D19*
X2007826Y724360D03*
Y785383D03*
X807038Y1533415D03*
Y1594438D03*
D17*
X1220425Y637155D03*
D16*
X1122000D03*
D20*
X1675149Y602903D03*
Y528100D03*
D12*
X1482236Y1121997D03*
X1417275D03*
D20*
X1082630Y1062942D03*
Y988139D03*
D12*
X1692866Y1732234D03*
X1627905D03*
D21*
X964520Y964518D03*
D22*
X1000937Y1358218D03*
X1062945D03*
D11*
X688929Y1023572D03*
X627905D03*
D15*
X1447786Y767667D03*
Y702706D03*
D23*
X738142Y1810974D03*
Y1669241D03*
X681055Y1810974D03*
Y1669241D03*
D19*
X1673180Y767667D03*
Y706643D03*
X1909400Y2025541D03*
Y2086564D03*
D12*
X1588535Y2106249D03*
X1653496D03*
D21*
X1751921Y1033416D03*
D19*
X1834597Y2025541D03*
Y2086564D03*
D24*
X868063Y2066879D03*
X942866D03*
D23*
X2027512Y1269635D03*
Y1411367D03*
X2084598Y1269635D03*
Y1411367D03*
D15*
X1456644Y1738139D03*
Y1673178D03*
D19*
X1751920Y824753D03*
Y885777D03*
D25*
X1742079Y1161368D03*
D26*
X955661Y1089911D03*
X798181D03*
D12*
X1883811Y866092D03*
X1948771D03*
D15*
X1688928Y1805068D03*
Y1870029D03*
D27*
X1830661Y785383D03*
Y747982D03*
Y710580D03*
X1923968D03*
Y785383D03*
D28*
X1453693Y846407D03*
X1338535D03*
D29*
X778496Y961564D03*
Y846407D03*
D15*
X1279479Y1141682D03*
Y1206643D03*
D24*
X1187551Y1555068D03*
X1262354D03*
D12*
X1588535Y2027509D03*
X1653496D03*
D21*
X2116094Y915305D03*
D15*
X1121999Y1273572D03*
Y1338533D03*
D20*
X2086567Y710580D03*
Y785383D03*
D11*
X1218457Y925147D03*
X1279480D03*
D21*
X1870031Y944833D03*
D11*
X1187551Y1653493D03*
X1248575D03*
D15*
X1417274Y1521604D03*
Y1456643D03*
D19*
X1596408Y541879D03*
Y602903D03*
X1535385Y944832D03*
Y1005856D03*
D21*
X1387748Y629872D03*
D15*
X1948770Y1181052D03*
Y1246013D03*
X1121999Y1220423D03*
Y1155462D03*
D30*
X1047196Y2204674D03*
Y2173178D03*
Y2141682D03*
Y2110186D03*
Y2078690D03*
Y2047194D03*
Y2015698D03*
Y1984202D03*
Y1952706D03*
Y1921210D03*
Y1889714D03*
D31*
X1090503Y1854281D03*
X1121999D03*
X1153495D03*
X1184991D03*
X1216487D03*
X1247983D03*
X1279479D03*
X1310975D03*
X1342471D03*
X1373967D03*
X1405463D03*
X1436959D03*
X1468456D03*
D30*
X1511763Y1889714D03*
Y1921210D03*
Y1952706D03*
Y1984202D03*
Y2015698D03*
Y2047194D03*
Y2078690D03*
Y2110186D03*
Y2141682D03*
Y2173178D03*
Y2204674D03*
D31*
X1468456Y2240108D03*
X1436959D03*
X1405463D03*
X1373967D03*
X1342471D03*
X1310975D03*
X1279479D03*
X1247983D03*
X1216487D03*
X1184991D03*
X1153495D03*
X1121999D03*
X1090503D03*
D32*
X1201724Y2124950D03*
D33*
X1201723Y2047194D03*
Y1969438D03*
D34*
X1279479Y2124950D03*
D33*
Y2047194D03*
Y1969438D03*
D34*
X1357235Y2124950D03*
D33*
Y2047194D03*
Y1969438D03*
D35*
X1513731Y2242076D03*
Y1852312D03*
D36*
X1045227D03*
Y2242076D03*
D37*
X680070Y887155D03*
Y912745D03*
Y938336D03*
Y963926D03*
X581251D03*
Y938336D03*
Y912745D03*
Y887155D03*
D24*
X1047197Y905462D03*
X1122000D03*
D38*
X1948771Y2165304D03*
X1898771D03*
X1848771D03*
X1798771D03*
D12*
X1358220Y1200737D03*
X1423181D03*
D39*
X1866094Y1736171D03*
Y1773572D03*
Y1810974D03*
X1776527D03*
Y1773572D03*
Y1736171D03*
D21*
X944834Y688927D03*
D40*
X2040110Y1657825D03*
Y1885384D03*
D41*
X1997984Y1645574D03*
Y1677070D03*
D42*
X1997970Y1722378D03*
Y1761748D03*
Y1781433D03*
Y1820803D03*
D41*
X1997984Y1897543D03*
Y1866047D03*
D42*
X1997970Y1840488D03*
Y1801118D03*
Y1742063D03*
Y1702693D03*
D43*
X2184992Y1601525D03*
Y1941682D03*
D44*
X1592472Y767667D03*
X1555071D03*
X1517669D03*
Y674360D03*
X1592472D03*
D21*
X2087551Y619046D03*
X875937Y846408D03*
D15*
X1200739Y1206643D03*
Y1141682D03*
D11*
X1069441Y1587942D03*
X1008417D03*
D45*
X1824754Y1456643D03*
D46*
X1102315Y1732233D03*
D47*
X1036763Y1725737D03*
Y1706052D03*
Y1686367D03*
D48*
Y1666682D03*
D49*
X1062944Y1732233D03*
D50*
Y1660186D03*
D51*
X1082629Y1732233D03*
D50*
Y1660186D03*
D52*
X1102315D03*
D53*
X1128496Y1725737D03*
D54*
Y1706052D03*
Y1686367D03*
D55*
Y1666682D03*
D56*
X1181055Y1021604D03*
D57*
X1149558Y1062942D03*
D58*
Y980265D03*
D57*
X1165306Y1062942D03*
D58*
Y980265D03*
D57*
X1181054Y1062942D03*
D58*
Y980265D03*
D57*
X1196802Y1062942D03*
D58*
Y980265D03*
D59*
X1212551Y1062942D03*
D60*
Y980265D03*
D61*
X2020425Y1601525D03*
Y1941682D03*
D62*
G01*
X551134Y472392D02*
X2263732D01*
X511764Y2244046D02*
Y511762D01*
X2263732Y2283416D02*
X551134D01*
X2303102Y511762D02*
Y2244046D01*
Y511762D02*
G02X2263732Y472392I-39369D01*
X551134D02*
G02X511764Y511762J39370D01*
Y2244046D02*
G02X551134Y2283416I39370D01*
X2263732D02*
G02X2303102Y2244046J-39369D01*
D63*
X2040110Y1885384D03*
Y1657825D03*
D62*
X2086567Y649557D03*
X1161370Y1021605D03*
X1200740D03*
G04 DEPTH 1*
%LPD*%
D64*
X255906Y2283366D03*
X2558959Y275590D03*
Y2480217D03*
X255906Y275590D03*
D65*
X151575Y2086516D03*
X2663290Y472440D03*
Y2283366D03*
X151575Y472440D03*
D62*
G01*
X2814865Y79699D02*
X2814864Y2676490D01*
X2813564Y2691173D01*
X2810422Y2703054D01*
X2805657Y2713951D01*
X2799067Y2724325D01*
X2792902Y2731577D01*
X2778519Y2743383D01*
X2765116Y2750244D01*
X2750652Y2754428D01*
X2735154Y2755807D01*
X78827D01*
X63449Y2754292D01*
X48662Y2749807D01*
X38303Y2744593D01*
X28822Y2737915D01*
X15515Y2723939D01*
X7571Y2710685D01*
X2366Y2696136D01*
X98Y2680851D01*
X1Y79302D01*
X1101Y65777D01*
X4068Y53851D01*
X8492Y43238D01*
X14876Y32736D01*
X21166Y25073D01*
X36038Y12622D01*
X49777Y5552D01*
X64633Y1301D01*
X79711Y0D01*
X2736024Y-3D01*
X2751406Y1511D01*
G03X2791776Y23089I-15381J77330D01*
G03X2814865Y79699I-55751J55752D01*
G01*
X511811Y393700D02*
X2303054D01*
Y2362107D01*
X511811D01*
Y393700D01*
D66*
Y0D02*
Y393700D01*
Y2755808D02*
Y2362108D01*
X2303054Y0D02*
Y393700D01*
Y2755808D02*
Y2362108D01*
D62*
X511811Y0D02*
Y2755808D01*
X2303054Y0D02*
Y2755808D01*
X511764Y2244045D02*
Y511761D01*
X2303102D02*
Y2244045D01*
G04 DEPTH 0*
M02*